15,90
15,89
15,88
15,87
15,86
15,85
15,84
15,83
15,82
15,81
15,80
15,79
15,78
15,77
15,76
15,75
15,74
15,73
15,72
15,71
15,70
15,69
15,68
15,67
15,66
15,65
15,64
15,36
15,35
15,34
15,33
15,32
15,31
15,30
15,29
15,28
15,27
15,26
15,25
15,24
15,23
15,22
15,21
15,20
15,19
15,18
15,17
15,16
15,15
15,14
15,13
15,12
15,11
15,10
15,9
15,8
15,7
15,6
15,5
15,4
15,2
14,6
14,5
14,4
14,2
14,1
11,4
11,3
15,1
11,2
11,1
11,0
6,4
6,3
15,3
15,0
6,2
6,1
6,0
5,3
14,3
14,0
5,2
5,1
5,0
4,3
4,1
4,0
2,1
2,3
2,0
1,3
16,1
1,1
1,0
0,408
0,344
0,323
0,322
0,320
0,319
0,318
0,316
0,243
16,7
16,3
16,0
0,9
0,310
0,305
0,308
0,304
0,303
0,302
0,307
0,12
0,10
0,8
0,0
0,438
0,300
0,437
0,299
0,436
0,298
0,435
0,297
0,432
0,296
0,431
0,295
0,430
0,294
0,429
0,293
0,428
0,292
0,427
0,291
0,426
0,290
0,425
0,289
0,434
0,288
0,424
0,287
0,423
0,286
0,422
0,285
0,421
0,284
0,420
0,283
0,419
0,282
0,418
0,281
0,417
0,280
0,416
0,279
0,415
0,278
0,414
0,277
0,413
0,276
0,412
0,275
0,411
0,274
15,91
15,92
15,94
15,95
15,97
15,98
15,100
15,102
15,103
15,105
15,106
15,108
15,110
15,111
15,113
15,114
15,116
15,117
15,119
15,121
15,122
15,124
15,125
15,127
15,129
15,130
15,132
15,133
15,135
15,136
15,138
15,140
15,141
15,143
15,144
15,146
15,148
15,149
15,151
15,152
15,154
15,155
15,157
15,159
15,160
15,162
15,163
15,165
15,167
15,168
15,170
15,171
15,173
15,175
15,176
15,178
15,179
15,181
15,182
15,184
15,186
15,187
15,189
15,190
15,192
15,194
15,195
15,197
15,198
15,200
15,201
15,203
15,205
15,206
15,208
15,209
15,211
15,213
15,214
15,216
15,217
15,219
15,220
15,222
15,224
15,225
15,227
15,228
15,230
15,232
15,233
15,235
15,236
15,238
15,240
15,241
15,243
15,244
15,246
15,247
15,249
15,251
15,252
15,254
15,255
15,257
15,259
15,260
15,262
15,263
15,265
15,266
15,268
15,270
15,271
15,273
15,274
15,276
15,278
15,279
15,281
15,282
15,284
15,285
15,287
15,289
15,290
15,292
15,293
15,295
15,297
15,298
15,300
15,301
15,303
15,304
15,306
15,308
15,309
15,311
15,312
15,314
15,316
15,317
15,319
15,320
15,322
15,324
15,325
15,327
15,328
15,330
15,331
15,333
15,335
15,336
15,338
15,339
15,341
15,343
15,344
15,346
15,347
15,349
15,350
15,352
15,354
15,355
15,357
15,358
15,360
15,362
15,363
15,365
15,366
15,368
15,369
15,371
15,373
15,374
15,376
15,377
15,379
15,381
15,382
15,384
15,385
15,387
15,389
15,390
15,392
15,393
15,395
15,396
15,398
15,400
15,401
15,403
15,404
15,406
15,408
15,409
15,411
15,412
15,414
15,415
15,417
15,419
15,420
15,422
15,423
15,425
15,427
15,428
15,430
15,431
15,433
15,434
15,436
15,438
15,439
15,441
15,442
15,444
15,446
15,447
15,449
15,450
15,452
15,453
15,455
15,457
15,458
15,460
15,461
15,463
15,465
15,466
15,468
15,469
15,471
15,473
15,474
15,476
15,477
15,479
15,480
15,482
15,484
15,485
15,487
15,488
15,490
15,492
15,493
15,495
15,496
15,498
15,499
15,501
15,503
15,504
15,506
15,507
15,509
15,511
15,512
15,514
15,515
15,517
15,518
15,520
15,522
15,523
15,525
15,526
15,528
15,530
15,531
15,533
15,534
15,536
15,538
15,539
15,541
15,542
15,544
15,545
15,547
15,549
15,550
15,552
15,553
15,555
15,557
15,558
15,560
15,561
15,563
15,564
15,566
15,568
15,569
15,571
15,572
15,574
16,2
16,4
16,6
16,5
15,575
15,573
15,570
15,567
15,565
15,562
15,559
15,556
15,554
15,551
15,548
15,546
15,543
15,540
15,537
15,535
15,532
15,529
15,527
15,524
15,521
15,519
15,516
15,513
15,510
15,508
15,505
15,502
15,500
15,497
15,494
15,491
15,489
15,486
15,483
15,481
15,478
15,475
15,472
15,470
15,467
15,464
15,462
15,459
15,456
15,454
15,451
15,448
15,445
15,443
15,440
15,437
15,435
15,432
15,429
15,426
15,424
15,421
15,418
15,416
15,413
15,410
15,407
15,405
15,402
15,399
15,397
15,394
15,391
15,388
15,386
15,383
15,380
15,378
15,375
15,372
15,370
15,367
15,364
15,361
15,359
15,356
15,353
15,351
15,348
15,345
15,342
15,340
15,337
15,334
15,332
15,329
15,326
15,323
15,321
15,318
15,315
15,313
15,310
15,307
15,305
15,302
15,299
15,296
15,294
15,291
15,288
15,286
15,283
15,280
15,277
15,275
15,272
15,269
15,267
15,264
15,261
15,258
15,256
15,253
15,250
15,248
15,245
15,242
15,239
15,237
15,234
15,231
15,229
15,226
15,223
15,221
15,218
15,215
15,212
15,210
15,207
15,204
15,202
15,199
15,196
15,193
15,191
15,188
15,185
15,183
15,180
15,177
15,174
15,172
15,169
15,166
15,164
15,161
15,158
15,156
15,153
15,150
15,147
15,145
15,142
15,139
15,137
15,134
15,131
15,128
15,126
15,123
15,120
15,118
15,115
15,112
15,109
15,107
15,104
15,101
15,99
15,96
15,93
0,410
0,273
0,409
0,272
0,407
0,271
0,406
0,270
0,405
0,269
0,404
0,268
0,403
0,267
0,402
0,266
0,401
0,265
0,390
0,264
0,388
0,263
0,387
0,262
0,389
0,261
0,386
0,260
0,385
0,259
0,384
0,258
0,383
0,257
0,382
0,256
0,381
0,255
0,400
0,254
0,380
0,253
0,379
0,252
0,378
0,251
0,399
0,250
0,376
0,249
0,375
0,248
0,377
0,247
0,374
0,246
0,373
0,245
0,372
0,244
0,371
0,242
0,370
0,241
0,369
0,240
0,398
0,239
0,368
0,238
0,367
0,237
0,366
0,236
0,397
0,235
0,364
0,234
0,363
0,233
0,365
0,232
0,362
0,231
0,361
0,230
0,360
0,229
0,359
0,228
0,358
0,227
0,357
0,226
0,396
0,225
0,356
0,224
0,355
0,223
0,354
0,222
0,395
0,221
0,352
0,220
0,351
0,219
0,353
0,218
0,350
0,217
0,349
0,216
0,348
0,215
0,347
0,214
0,346
0,213
0,345
0,212
0,394
0,211
0,442
0,210
0,343
0,209
0,342
0,208
0,393
0,207
0,340
0,206
0,339
0,205
0,341
0,204
0,338
0,203
0,337
0,202
0,336
0,201
0,335
0,200
0,334
0,199
0,333
0,198
0,392
0,197
0,332
0,196
0,331
0,195
0,330
0,194
0,391
0,193
0,329
0,192
0,328
0,63
0,327
0,62
0,326
0,61
0,325
0,60
0,324
0,59
0,58
0,321
0,57
0,441
0,56
0,439
0,55
0,440
0,54
0,317
0,53
0,433
0,52
0,315
0,51
0,314
0,50
0,313
0,49
0,312
0,48
0,311
0,47
0,309
0,46
0,306
0,45
0,301
0,6
0,5
0,1
0,11
0,4
0,2
0,3
0,7
